#ifndef __mathconst_h__
#define __mathconst_h__

	static const float ANGLE8FP[8] =
	{
	1.5708f,2.3562f,3.1416f,3.9270f,
	4.7124f,5.4978f,6.2832f,0.7854f
	};

	static const float SINVALUE8FP[8] =
	{ 1.0f, 0.7071f, 0.0f, -0.7071f,
	-1.0f, -0.7071f, 0.0f, 0.7071f
	};

	static const float COSVALUE8FP[8] =
	{ 
	0.0f, -0.7071f, -1.0f, -0.7071f,
	 0.0f, 0.7071f, 1.0f, 0.7071f 
	};

	static const float SINVALUE16FP[16] =
	{ 
	1.0f, 0.9239f, 0.7071f, 0.3827f,
	0.0f, -0.3827f, -0.7071f, -0.9239f,
	-1.0f, -0.9239f, -0.7071f, -0.3827f,
	0.0f, 0.3827f, 0.7071f, 0.9239f
	};

	static const float COSVALUE16FP[16] =
	{ 
		0.0f, -0.3827f, -0.7071f, -0.9239f,
		-1.0f, -0.9239f, -0.7071f, -0.3827f,
		0.0f, 0.3827f, 0.7071f, 0.9239f,
		1.0f, 0.9239f, 0.7071f, 0.3827f 
	};

	static const float SINVALUE32FP[32] =
	{ 
		1.0f, 0.9808f, 0.9239f, 0.8315f,
		0.7071f, 0.5556f, 0.3827f, 0.1951f,
		0.0f, -0.1951f, -0.3827f, -0.5556f,
		-0.7071f, -0.8315f, -0.9239f, -0.9808f,
		-1.0f, -0.9808f, -0.9239f, -0.8315f,
		-0.7071f, -0.5556f, -0.3827f, -0.1951f,
		0.0f, 0.1951f, 0.3827f, 0.5556f,
		0.7071f, 0.8315f, 0.9239f, 0.9808f
	};

	static const float COSVALUE32FP[32] =
	{
		0.0f, -0.1951f, -0.3827f, -0.5556f,
		-0.7071f, -0.8315f, -0.9239f, -0.9808f,
		-1.0f, -0.9808f, -0.9239f, -0.8315f,
		-0.7071f, -0.5556f, -0.3827f, -0.1951f,
		0.0f, 0.1951f, 0.3827f, 0.5556f,
		0.7071f, 0.8315f, 0.9239f, 0.9808f,
		1.0f, 0.9808f, 0.9239f, 0.8315f,
		0.7071f, 0.5556f, 0.3827f, 0.1951f
	};

#endif // __mathconst_h__
